J = 7 * 10^(-6);
C_m = 1.3;
C_w = 3.15;
L_a = 0.0015;
R_a = 8;
L_f = 0.013;
b = 0.001;
